coremark:
    run_results: [119787.377405, 102518.100852, 103774.808665, 103586.68911, 103808.473367, 103009.818123, 103566.573888, 102745.223952, 103852.270146, 104153.105064]
    mean: 105080.2440572
    standard_deviation: 5194.16664481535
dhrystone:
dhrystone_with_registers:
    run_results: [50000000.0, 50000000.0, 50000000.0, 33333334.0, 50000000.0, 50000000.0, 50000000.0, 50000000.0, 50000000.0, 50000000.0]
    mean: 48333333.4 Dhrystones per second
    standard_deviation: 5270462.556128789
    mean_vax_dhrystones_per_second: 27509.011610700058 DMIPS
dhrystone_without_registers:
    run_results: [50000000.0, 33333334.0, 50000000.0, 50000000.0, 33333334.0, 50000000.0]
    mean: 44444444.666666664 Dhrystones per second
    standard_deviation: 8606629.313973518
    mean_vax_dhrystones_per_second: 25295.64295200152 DMIPS
whetstone:
    run_results: [100000.0, 100000.0, 50000.0, 100000.0, 100000.0, 50000.0, 100000.0, 100000.0, 50000.0, 100000.0]
    mean: 85000.0
    standard_deviation: 24152.2945769824
