coremark:
    run_results: [9074.410163, 8244.589488, 7863.695937, 7809.449434, 7793.219899, 7792.713813, 7770.510911, 7774.034724, 7845.70121, 7767.493042, 7791.195949, 7845.188285, 7792.713813, 7774.538387, 7847.240387, 7846.214202, 7771.517389, 7792.207792, 7768.498738, 7846.214202, 7791.195949, 7770.00777]
    mean: 7880.570522
    standard_deviation: 284.52681616627825
dhrystone_with_registers:
    run_results: [4545454.5, 4347826.0, 4545454.5, 4545454.5, 4545454.5, 4545454.5, 4545454.5, 4347826.0, 4545454.5, 4545454.5]
    mean: 4505928.8 dhrystones per second
    standard deviation: 83327.49207501154
    mean_vax_dhrystones_per_second: 2564.5582242458736 dmips
dhrystone_without_registers:
    run_results: [4545454.5, 4545454.5, 4545454.5, 4545454.5, 4545454.5, 4545454.5, 4545454.5, 4347826.0, 4545454.5]
    mean: 4523495.777777778 dhrystones per second
    standard deviation: 65876.16666666667
    mean_vax_dhrystones_per_second: 2574.5565041421614 dmips
whetstone:
    run_results: [1470.6, 1470.6, 1449.3, 1470.6, 1470.6, 1449.3, 1470.6, 1449.3, 1470.6, 3703.7, 3448.3, 3333.3, 3333.3, 3448.3, 3333.3, 3333.3, 3448.3, 3333.3, 3333.3]
    mean: 2485.257894736842
    standard_deviation: 999.411328575082