coremark:
    run_results: [107704.217293, 94420.347585, 94195.219593, 94292.365265, 94879.473419, 94809.196492, 94381.359681, 94772.693618, 95218.258101, 94904.798624]
    mean: 95957.7929671
    standard_deviation: 4139.912710633861
dhrystone_with_registers:
    run_results: [50000000.0, 33333334.0, 50000000.0, 50000000.0, 50000000.0, 33333334.0, 50000000.0, 50000000.0, 50000000.0, 50000000.0]
    mean: 46666666.8 Dhrystones per second
    standard_deviation: 7027283.408171717
    mean_vax_dhrystones_per_second: 26560.4250426864 DMIPS
dhrystone_without_registers:
    run_results: [50000000.0, 33333334.0, 50000000.0, 50000000.0, 50000000.0, 50000000.0]
    mean: 47222222.333333336 Dhrystones per second
    standard_deviation: 6804137.90223219
    mean_vax_dhrystones_per_second: 26876.620565357618 DMIPS
whetstone:
    run_results: [100000.0, 50000.0, 50000.0, 50000.0, 50000.0, 50000.0, 100000.0, 50000.0, 50000.0, 50000.0]
    mean: 60000.0
    standard_deviation: 21081.851067789194
